<?xml version="1.0"?>
<opencv_storage>
<Camera_Matrix type_id="opencv-matrix">
  <rows>3</rows>
  <cols>3</cols>
  <dt>d</dt>
  <data>
    1025.3775744932852 0. 647.13192635445591 0. 1027.376020797825
    352.10563780366004 0. 0. 1.</data></Camera_Matrix>
<Distortion_Coefficients type_id="opencv-matrix">
  <rows>1</rows>
  <cols>5</cols>
  <dt>d</dt>
  <data>
    0.21296464951601221 -0.96109116062824629 -0.0014092160682991042
    0.0032717375974300384 1.1709013855610975</data></Distortion_Coefficients>
</opencv_storage>
